"dip_dir:0"	"dip_dir:1"	"dip_dir:2"	"normal_dir:0"	"normal_dir:1"	"normal_dir:2"	"strike_dir:0"	"strike_dir:1"	"strike_dir:2"	"Points:0"	"Points:1"	"Points:2"
0.98025857	-0.07261197	0.11515803	-0.11196839	0.0064598907	0.9935311	-0.072901874	-0.98686186	0	33610	-17265.244	-5072.6191
0.98106498	-0.090536792	0.12027654	-0.11697812	0.0082575328	0.99292081	-0.090906018	-0.98833166	0	33867.688	-17420.107	-5042.1206
0.99061158	-0.041152916	0.11425413	-0.11179907	0.0034860613	0.99368756	-0.041297307	-0.99715499	0	33141.371	-16983.615	-5127.291
0.98905526	-0.04697089	0.11440075	-0.11158994	0.0037899538	0.99367207	-0.047111005	-0.99561699	0	33041.727	-16923.73	-5137.5894
0.9734968	-0.10541573	0.12643394	-0.12165605	0.010682614	0.99229484	-0.10598604	-0.98142667	0	34161.41	-17596.623	-5005.9331
0.97232436	-0.13383698	0.1352994	-0.1303554	0.014357884	0.99108935	-0.13463859	-0.98151216	0	34542.641	-17825.73	-4954.6763
0.77454574	-0.59558762	0.21293648	-0.16879099	0.12980546	0.97706357	-0.60957134	-0.79272748	0	-35401.918	24208.592	-16055.575
0.77807382	-0.5925704	0.20846571	-0.1658348	0.12630808	0.97803003	-0.60588394	-0.79555226	0	-33873.023	23289.777	-15672.419
0.99041002	-0.049673649	0.11390216	-0.11133103	0.0043956658	0.99373622	-0.049868724	-0.99691366	0	32952.34	-16870.014	-5148.2773
0.97453886	-0.14605784	0.16025683	-0.15600216	0.021515913	0.98746008	-0.14769095	-0.98737013	0	35330.426	-18299.162	-4839.4507
0.97324429	-0.14707908	0.1614286	-0.15699343	0.022106845	0.98728579	-0.14878288	-0.98622148	0	35361.48	-18317.826	-4834.3081
0.73014394	-0.61937625	0.28853991	-0.22002159	0.18665253	0.9574683	-0.64689345	-0.76257896	0	-53344.902	34991.719	-21337.459
0.73315122	-0.61887598	0.28180368	-0.21531126	0.1817894	0.95944422	-0.64504443	-0.76413881	0	-52074.719	34228.383	-20908.457
0.93307723	-0.34716467	0.08604702	-0.080238243	0.029169841	0.99634158	-0.34840663	-0.93657155	0	10273.093	-3240.5503	-6463.8354
0.93444984	-0.34130519	0.08790342	-0.082192156	0.029102132	0.99616079	-0.34256669	-0.9381245	0	10428.276	-3333.8105	-6447.083
0.6982222	-0.61113972	0.3728181	-0.28053287	0.24553658	0.92790758	-0.65862206	-0.75247386	0	-66931.922	43157.062	-26783.443
0.69842938	-0.61123862	0.37224968	-0.2801202	0.24514492	0.92812872	-0.65857223	-0.75251733	0	-66847.758	43106.48	-26745.846
0.26118792	0.96105238	0.05603282	-0.015831907	-0.048278988	0.998678	0.96254059	-0.26174037	0	26554.568	-13025.168	-5681.8062
0.31715784	0.92585704	0.056743109	-0.019464006	-0.047054629	0.99862626	0.92730318	-0.31782621	0	26648.252	-13081.468	-5681.6396
0.69789085	-0.61096503	0.37370872	-0.28117964	0.24614994	0.92754319	-0.65869263	-0.7524121	0	-67059.734	43233.871	-26843.469
0.77391202	-0.59611541	0.21378925	-0.16936395	0.13046053	0.97688048	-0.61022481	-0.79222807	0	-35669.969	24369.682	-16122.325
0.91869597	0.0098272557	0.39410673	-0.39245996	-0.0043995453	0.91969831	0.010779721	-0.99959708	0	-11721.337	9977.3604	-11909.687
0.91930532	0.0083509081	0.39332886	-0.39185065	-0.0036698359	0.9200056	0.0091308608	-0.9999083	0	-11689.634	9958.3086	-11897.693
0.66101879	-0.71172076	0.22741606	-0.15373632	0.15875673	0.97503365	-0.7302007	-0.67961477	0	-1645.6312	3922.2012	-7960.9858
0.64770617	-0.72855662	0.22281873	-0.14672965	0.15974374	0.97618894	-0.74682677	-0.66499668	0	-1492.3364	3830.0762	-7918.3442
0.92785677	-0.094621924	0.36034437	-0.35786432	0.036810611	0.93294217	-0.10155708	-0.99476685	0	-8759.457	8197.3701	-10696.531
0.91747687	-0.15885479	0.36346808	-0.35749225	0.062044319	0.9317648	-0.17056926	-0.9848511	0	-7785.1318	7611.834	-10279.567
0.92566866	-0.0095980907	0.37393076	-0.37237274	0.0040694511	0.9277927	-0.010412069	-0.99807439	0	-10497.872	9242.0996	-11390.874
0.89955903	0.12740864	0.39334931	-0.37670218	-0.057124908	0.92252631	0.14023866	-0.97806688	0	-14619.879	11719.286	-13146.233
0.90694838	0.070902984	0.40135903	-0.39246501	-0.035104903	0.91761348	0.079253896	-0.99030029	0	-14128.408	11423.929	-12949.855
0.34933772	-0.91669572	0.18588008	-0.065491778	0.17111053	0.98301653	-0.93293118	-0.3555961	0	489.22653	2639.2236	-7525.7119
0.29257305	-0.94049637	0.17070831	-0.04981512	0.16201353	0.98545077	-0.95459518	-0.29686113	0	1139.2994	2248.5518	-7426.3809
0.26251619	-0.95052909	0.16254964	-0.042996903	0.15591094	0.98681964	-0.9633452	-0.26604769	0	1764.8625	1872.6093	-7335.1318
0.23854778	-0.95850072	0.1553821	-0.037740078	0.15041062	0.98780396	-0.97037074	-0.24154687	0	2073.9016	1686.8873	-7298.4507
0.68903692	-0.60534248	0.39836194	-0.29926972	0.26291423	0.91717916	-0.6600059	-0.75126016	0	-70575.555	45346.762	-28539.646
0.69261557	-0.60780826	0.38839021	-0.29192192	0.25616829	0.92149533	-0.65958952	-0.75162595	0	-69172.914	44503.82	-27842.9
0.94261759	-0.19970481	0.26606164	-0.2598837	0.05484349	0.96404894	-0.20711809	-0.97787656	0	37762.863	-19760.975	-4240.835
0.94158426	-0.20365583	0.2676914	-0.26134774	0.056287063	0.96358071	-0.21131158	-0.97727323	0	37855.164	-19816.445	-4212.4443
0.78237971	-0.58763147	0.20627153	-0.16491716	0.12388251	0.97849383	-0.60054987	-0.79957496	0	-32524.289	22479.234	-15344.126
0.25243682	0.87740457	0.27160981	-0.084854775	-0.22293474	0.96818537	0.91117128	-0.26751141	0	-18674.447	14155.945	-13943.326
0.43071983	0.85268666	0.29510908	-0.11720919	-0.21676038	0.96725271	0.89155578	-0.45290407	0	-18348.969	13960.344	-13973.308
0.2375857	0.96925657	0.055965197	-0.014013323	-0.048844547	0.99869341	0.97076199	-0.23806332	0	26505.832	-12995.88	-5681.2534
0.99085216	-0.025996988	0.10934217	-0.10752048	0.0016547194	0.99414494	-0.026027952	-0.99684769	0	30407.141	-15340.435	-5442.3555
0.99230272	-0.026453681	0.1103204	-0.10880454	0.0019714906	0.9940278	-0.026516563	-0.99841586	0	30553.609	-15428.456	-5426.7207
0.679475	-0.59662434	0.42697096	-0.32085044	0.28169491	0.90424226	-0.65980083	-0.75144051	0	-74361.359	47621.902	-30511.422
0.68086994	-0.59765438	0.42334592	-0.31817928	0.27924163	0.90597055	-0.65967529	-0.75155055	0	-73635.375	47185.609	-30107.438
0.99681856	-0.0082917927	0.067464658	-0.067235437	0.00087286029	0.99771958	-0.0083317004	-0.99910786	0	18749.326	-8334.4805	-5592.9888
0.99748802	0.032410397	0.062893658	-0.062644012	-0.0019085556	0.99803257	0.032466786	-0.99946849	0	19220.334	-8617.541	-5560.3071
0.80638661	-0.52407992	0.27393285	-0.22926726	0.14548828	0.96242802	-0.54424906	-0.83889806	0	-3109.4351	4801.8979	-8384.79
0.78395215	-0.55521317	0.26557252	-0.21659947	0.14735704	0.96465704	-0.57500146	-0.81408203	0	-2870.1426	4658.0913	-8314.6338
0.75367323	-0.61137077	0.24121236	-0.1873089	0.15196512	0.97046749	-0.62998048	-0.77660789	0	-43449.527	29044.934	-18219.605
0.75726052	-0.60929599	0.23517928	-0.18321587	0.14743187	0.97195307	-0.62688182	-0.77911249	0	-41935.977	28135.34	-17789.281
0.67672568	-0.59456586	0.43419749	-0.32618185	0.2865779	0.90081763	-0.6600308	-0.7512383	0	-75839.5	48510.215	-31327.877
0.71626346	-0.61805959	0.32387861	-0.24519132	0.21159357	0.94606582	-0.65330038	-0.75709648	0	-59431.855	38649.773	-23592.088
0.71973611	-0.61895611	0.31442933	-0.23838862	0.20501218	0.94928113	-0.65202914	-0.75819287	0	-57888.566	37722.309	-22988.818
0.99692531	0.03775345	0.062541307	-0.062248163	-0.0022248581	0.99805665	0.037819267	-0.99888106	0	19262.154	-8642.6729	-5557.6602
0.99442146	0.059437582	0.060869286	-0.060414166	-0.0032171609	0.99815494	0.059525925	-0.9962778	0	19403.18	-8727.4238	-5549.9917
0.9831231	0.16685737	0.051521552	-0.050323188	-0.0083892613	0.9986924	0.16707231	-0.98443402	0	20152.096	-9177.498	-5510.5151
0.9704713	0.23151137	0.047955123	-0.046237227	-0.01037416	0.9988539	0.23175442	-0.97161611	0	20399.092	-9325.9346	-5500.8623
0.69997018	-0.70633002	0.097057495	-0.067808992	0.067894884	0.99536053	-0.70966793	-0.70332955	0	5555.6396	-405.51987	-6906.8716
0.73156547	-0.66820624	0.092636168	-0.067815448	0.06153938	0.99575423	-0.67107483	-0.73474426	0	5970.1875	-654.64923	-6859.4355
0.724644	-0.61944175	0.30193782	-0.2294992	0.19618921	0.95332278	-0.64977495	-0.76012586	0	-55757.621	36441.684	-22195.871
0.95178888	-0.19437696	0.2277561	-0.22181671	0.043423316	0.97387296	-0.19926443	-0.9777006	0	36673.441	-19106.27	-4548.3965
0.94992527	-0.19140553	0.23581135	-0.22972993	0.04521953	0.97203171	-0.19673389	-0.97756344	0	36843.543	-19208.494	-4504.6108
0.77229175	-0.59746422	0.21584087	-0.1707047	0.1320788	0.97642577	-0.61189203	-0.7909365	0	-36290.793	24742.775	-16281.664
0.76778066	-0.60117356	0.22152665	-0.17439656	0.13658635	0.97514827	-0.61650023	-0.78734534	0	-37931.809	25728.969	-16708.119
0.76904331	-0.60015314	0.21997285	-0.17340638	0.13533572	0.97550712	-0.61522404	-0.78835218	0	-37492.777	25465.127	-16591.15
0.71459435	-0.61771002	0.32830551	-0.24836563	0.21469171	0.94457281	-0.65395924	-0.75652931	0	-60154.797	39084.238	-23872.357
0.91696934	0.38262876	0.06912135	-0.060801897	-0.027770512	0.9976264	0.38371976	-0.91921326	0	27823.838	-13787.956	-5656.6045
0.96589903	0.23561491	0.081588526	-0.077342285	-0.019784284	0.9967904	0.23647205	-0.96911427	0	28410.537	-14140.542	-5626.5415
0.74612106	-0.61527748	0.25441702	-0.19626824	0.16186597	0.96709491	-0.6362166	-0.77150801	0	-46516.066	30887.82	-19122.807
0.75056152	-0.61303539	0.24658742	-0.19095326	0.15600021	0.96910855	-0.63258373	-0.77448442	0	-44731.512	29815.363	-18593.314
0.72493288	-0.61947972	0.3011911	-0.22896677	0.19566297	0.95356663	-0.6496477	-0.76023522	0	-55630.074	36365.031	-22148.025
0.7254061	-0.61947954	0.30003334	-0.22814805	0.19483888	0.95392641	-0.64940296	-0.76044415	0	-55422.008	36239.988	-22073.639
-0.18976876	0.961943	0.047095754	0.010956596	-0.043690508	0.99891927	0.96301864	0.19008116	0	23119.586	-10960.859	-5493.9375
-0.36469126	0.92926876	0.052852469	0.019693964	-0.048391036	0.99862879	0.93056088	0.36523434	0	23467.904	-11170.187	-5507.4268
-0.17440959	0.95073518	0.061480332	0.007295772	-0.055112178	0.99830731	0.9525837	0.17457424	0	25927.998	-12648.621	-5659.8896
-0.31534133	0.9455393	0.063368434	0.018314883	-0.057304041	0.9981552	0.94748001	0.31594065	0	25557.666	-12426.062	-5643.375
0.91613988	-0.17054867	0.36258916	-0.35602217	0.06613143	0.93206245	-0.18296502	-0.98311815	0	-7640.1704	7524.7168	-10222.328
0.91099652	-0.19512721	0.36069547	-0.3520355	0.07461412	0.93282671	-0.20895712	-0.97685982	0	-7342.3428	7345.7324	-10094.438
0.87824883	-0.33229325	0.33780198	-0.31549471	0.11581881	0.94120014	-0.35215681	-0.93389776	0	-5341.4004	6143.2339	-9242.5156
0.86591424	-0.38410005	0.32031291	-0.29230625	0.12743615	0.94777072	-0.40487583	-0.91436445	0	-4614.1377	5706.1733	-8931.6777
0.82760938	-0.55340962	0.081764267	-0.067605439	0.044998257	0.99668001	-0.5552639	-0.83040568	0	7272.4219	-1437.2482	-6728.249
0.86801198	-0.48671853	0.075826047	-0.065625132	0.036678752	0.99715875	-0.48811741	-0.870522	0	8095.4551	-1931.8634	-6653.4961
0.84806812	-0.42523312	0.30793078	-0.27507815	0.13336951	0.95154358	-0.44601726	-0.89228258	0	-4109.4419	5402.8682	-8751.6309
0.98701947	-0.050166943	0.1138619	-0.11223228	0.0045509458	0.9935901	-0.050369687	-0.99350412	0	31062.527	-15734.299	-5367.7339
-0.37402489	0.90710477	0.066736091	0.023352056	-0.059152596	0.9979063	0.90916775	0.37480184	0	25307.207	-12275.546	-5627.2559
0.74080853	-0.61718157	0.26511567	-0.20367492	0.16969628	0.96421853	-0.64008849	-0.76830045	0	-48803.219	32262.32	-19831.328
0.74176867	-0.61680632	0.2632363	-0.20237902	0.16831427	0.9647197	-0.63936975	-0.76889424	0	-48401.965	32021.182	-19707.971
0.99068365	-0.10960581	0.07957148	-0.079027351	0.0087844433	0.99683289	-0.10995772	-0.99383477	0	17241.18	-7428.1348	-5709.6299
0.99116064	-0.10654387	0.078831915	-0.078326146	0.0084426177	0.99689087	-0.10687842	-0.99425573	0	17343.254	-7489.479	-5700.9761
0.98547118	-0.14796642	0.083376028	-0.082410783	0.012408571	0.99652078	-0.14848632	-0.98891442	0	16452.445	-6954.1323	-5778.8579
0.7354517	-0.61856765	0.27654643	-0.21162686	0.17800416	0.96100137	-0.64367385	-0.7652984	0	-51081.562	33631.527	-20570.082
0.73927586	-0.61758759	0.26839172	-0.20595787	0.17207367	0.9633023	-0.64111985	-0.76743926	0	-49462.223	32658.359	-20043.641
0.96884854	-0.22747112	0.097891559	-0.095257034	0.022404478	0.99519732	-0.22857332	-0.97352657	0	14332.887	-5680.3491	-5989.313
0.97042693	-0.22153006	0.095428457	-0.092983953	0.021280044	0.99543897	-0.22255074	-0.97487567	0	14642.568	-5866.4575	-5955.6816
0.98306663	0.090165263	0.09314571	-0.090423647	-0.010155886	0.99574494	0.0907201	-0.9873917	0	29080.9	-14543.408	-5572.79
0.98555598	0.074571053	0.097179217	-0.094885335	-0.0080234604	0.99539169	0.075003112	-0.99024018	0	29331.736	-14694.152	-5551.208
0.98925499	0.018406169	0.10208743	-0.10017077	-0.0033824936	0.99486997	0.018653573	-0.99448409	0	29710.467	-14921.757	-5514.1064
0.77012822	-0.62873778	0.089916704	-0.069291928	0.056031668	0.99598842	-0.6312798	-0.77329696	0	6343.0703	-878.73914	-6821.7285
0.95958352	-0.25996135	0.10769082	-0.10390809	0.028153718	0.9941882	-0.26148241	-0.9651966	0	13207.647	-5004.1187	-6120.6235
0.95964883	-0.25978024	0.10751617	-0.10374314	0.028094271	0.99420666	-0.26129604	-0.96524419	0	13230.606	-5017.916	-6117.8906
0.90087955	-0.42650375	0.075874675	-0.0681391	0.031978598	0.99716076	-0.42771914	-0.90349204	0	8936.9404	-2437.5676	-6583.5259
0.90996291	-0.40726952	0.076175771	-0.069115984	0.030545079	0.99713852	-0.40843219	-0.91262691	0	9222.7383	-2609.3223	-6559.0376
0.23565726	0.96451694	0.11661415	-0.010299197	-0.084620205	0.99620984	0.97154569	-0.23619527	0	-22241.041	16299.348	-13480.608
-0.11186477	0.91415275	0.19270154	0.011493263	-0.16073785	0.98507972	0.93205786	0.11222801	0	-20812.775	15441.009	-13598.579
0.98674637	-0.04824577	0.11577483	-0.11333598	0.0042006882	0.99344994	-0.048423656	-0.99345242	0	32386.297	-16529.84	-5211.3228
0.70641802	0.70390993	0.059774442	-0.040226855	-0.038115675	0.99829931	0.70518927	-0.70780287	0	27190.102	-13407.102	-5677.1084
0.32989035	-0.93087031	0.13764941	-0.045828058	0.12663605	0.99082983	-0.93977932	-0.33319885	0	2819.5273	1238.7914	-7202.0386
0.98805255	-0.051519404	0.11602699	-0.11374153	0.0046880061	0.99342513	-0.051730707	-0.99479514	0	32077.5	-16344.263	-5248.3066
0.94741568	-0.19468555	0.25208591	-0.24630255	0.050031084	0.96784752	-0.20105408	-0.97908972	0	37274.906	-19467.73	-4386.4653
0.94740348	-0.19350028	0.25325816	-0.24751733	0.050141529	0.96755407	-0.19992418	-0.97935606	0	37305.371	-19486.039	-4377.9106
0.98460249	-0.15274597	0.084284671	-0.083239268	0.012962377	0.9964442	-0.15329557	-0.98811849	0	16298.157	-6861.4106	-5792.9971
0.71188708	-0.61687601	0.33561227	-0.25362586	0.21977949	0.94197994	-0.65487474	-0.75573703	0	-61303.473	39774.551	-24340.617
0.99067378	-0.01387865	0.10802314	-0.1061992	0.00061562215	0.99430251	-0.013869343	-0.99650878	0	30268.248	-15256.964	-5457.8354
-0.42863332	0.89785119	0.056362652	0.024574568	-0.050128916	0.99842514	0.89927181	0.42934701	0	23666.756	-11289.69	-5519.1978
-0.47519097	0.87414273	0.063034973	0.029632844	-0.054973679	0.99803247	0.8758946	0.47612662	0	24089.084	-11543.495	-5544.2505
0.68352165	-0.60065591	0.41463407	-0.31147415	0.27367594	0.90994297	-0.66009675	-0.75118052	0	-72615.68	46572.805	-29576.018
0.68688457	-0.60393974	0.4042797	-0.30361352	0.26693647	0.91463624	-0.660305	-0.75099753	0	-71408.273	45847.195	-28950.314
0.81113702	-0.55789197	0.16806543	-0.13685451	0.095869833	0.9857082	-0.56624467	-0.82287605	0	-26293.225	18734.574	-13858.124
0.8365509	-0.52872344	0.1385011	-0.11543454	0.073246839	0.99054374	-0.53396225	-0.84471212	0	-25326.605	18153.668	-13665.575
0.87989126	-0.20864714	0.14297215	-0.092204421	0.048688158	0.99320274	-0.21184152	-0.88923193	0	-24769.006	17818.568	-13610.565
0.91137175	-0.40277218	0.076586686	-0.069637912	0.030277978	0.99710251	-0.40392814	-0.91407514	0	9275.7012	-2641.1514	-6553.9961
0.95567689	-0.27335011	0.10793153	-0.10366441	0.029582544	0.9941704	-0.27494959	-0.96129446	0	12482.573	-4568.373	-6210.4653
0.99568813	-0.054961726	0.072836889	-0.072607204	0.0040750737	0.99735143	-0.055112984	-0.99833968	0	18194.523	-8001.0625	-5631.895
0.91312053	0.048784977	0.40132354	-0.39558479	-0.023557201	0.91770011	0.054256898	-0.99705333	0	-13689.718	11160.291	-12772.413
0.90687855	0.042238913	0.40896854	-0.40296543	-0.021990556	0.91393014	0.047678146	-0.99394128	0	-12942.655	10711.332	-12430.002
-0.47516779	0.87369929	0.068224758	0.031728142	-0.059067766	0.99773318	0.8757518	0.4762552	0	24692.559	-11906.163	-5587.2842
-0.4508775	0.88486194	0.06800915	0.02998244	-0.059359715	0.99776555	0.88692412	0.45190573	0	24816.941	-11980.913	-5595.8462
0.95568573	-0.27322514	0.10802717	-0.10375478	0.029585181	0.99416053	-0.27482582	-0.96131378	0	12369.78	-4500.5884	-6224.5083
-0.48450313	0.87147359	0.067607345	0.032250934	-0.058401861	0.99776944	0.87347853	0.48560326	0	24627.672	-11867.168	-5583.2344
0.98329174	-0.057812992	0.11729172	-0.1147251	0.0051514526	0.99324783	-0.058035567	-0.9901603	0	31732.232	-16136.77	-5287.21
0.97346529	0.21233774	0.083485232	-0.079919902	-0.018108436	0.99661636	0.21313724	-0.97688164	0	28534.629	-14215.117	-5617.6406
0.82180851	0.52527459	0.063891576	-0.050232416	-0.033857824	0.99807449	0.52643224	-0.82347113	0	27465.707	-13572.731	-5671.4399
0.78360126	-0.58632957	0.20538576	-0.16443981	0.12304638	0.97868202	-0.59910248	-0.80067046	0	-32070.209	22206.346	-15232.577
0.78386634	-0.58598601	0.20536246	-0.16447724	0.12295609	0.97868735	-0.59874772	-0.80093761	0	-31291.787	21738.541	-15043.008
-0.076135239	0.92225705	0.24747091	-0.0094095976	-0.21189184	0.97368636	0.95266644	0.072155231	0	-19470.143	14634.132	-13822.936
0.84215145	0.42865398	0.3221844	-0.26110638	-0.14658611	0.95316208	0.45670328	-0.88832109	0	-16862.004	13066.728	-13870.81
0.85467734	0.3958986	0.33011847	-0.27617848	-0.13626645	0.95028415	0.42204918	-0.90496114	0	-16598.539	12908.395	-13807.102
0.89199977	0.18215952	0.37505656	-0.34776575	-0.084605835	0.93069661	0.20154675	-0.96237257	0	-15326.023	12143.655	-13403.076
0.95873766	0.1830934	0.13434388	-0.062752276	0.008898405	0.99761379	0.18300954	-0.96795946	0	-23778.871	17223.531	-13479.745
0.94937488	-0.29556765	0.10152336	-0.096720984	0.029742244	0.99485512	-0.29707057	-0.95432219	0	11498.567	-3977.019	-6330.1733
0.37808537	-0.90619383	0.18928552	-0.072063729	0.17132829	0.98256996	-0.92284279	-0.38514537	0	70.357765	2890.9495	-7592.1577
0.94922645	-0.29664707	0.10038117	-0.095573844	0.029570518	0.99497811	-0.29812613	-0.95405412	0	11345.689	-3885.1445	-6348.6689
0.78465638	-0.58468164	0.20602914	-0.16520354	0.12309203	0.97854749	-0.5974995	-0.80186057	0	-30246.213	21110.186	-14789.132
0.78271028	-0.58767222	0.20493649	-0.16388533	0.12302954	0.97877666	-0.60041391	-0.79968572	0	-29695.717	20779.357	-14652.475
0.92943979	-0.042752011	0.36628264	-0.36540854	0.016965202	0.93064927	-0.046003903	-0.99889223	0	-9965.0039	8921.8633	-11185.886
0.92890113	-0.058546866	0.36409987	-0.36268853	0.023213938	0.93150569	-0.06299087	-0.99737507	0	-9397.4229	8580.7666	-10948.362
0.91831723	0.011133539	0.39508991	-0.39337006	-0.0051227818	0.91930084	0.012272821	-0.9996603	0	-11773.224	10008.543	-11932.811
0.34984727	-0.92624212	0.13020298	-0.046229476	0.1182092	0.99176935	-0.93425345	-0.3530881	0	3245.1392	983.013	-7164.2461
0.95365502	-0.1880753	0.21409097	-0.20785655	0.039209651	0.97711855	-0.19219735	-0.97639927	0	36370.746	-18924.361	-4623.5806
0.48060594	-0.83875816	0.20297797	-0.10026856	0.16829375	0.98002596	-0.85625494	-0.49145445	0	-485.41135	3224.948	-7707.0166
0.78625283	-0.58866338	0.18763229	-0.15005069	0.11239246	0.98223498	-0.59933501	-0.80049151	0	-27238.07	19302.395	-14064.087
0.78869393	-0.58623666	0.18508662	-0.1483832	0.11030809	0.98275135	-0.59655088	-0.80256384	0	-26908.363	19104.252	-13985.2
0.96321439	-0.14671373	0.14215761	-0.13559247	0.017667882	0.99027278	-0.14785147	-0.97318143	0	34799.629	-17980.17	-4918.3828
0.96118021	-0.18245014	0.19609171	-0.19074737	0.033772632	0.98078947	-0.1856432	-0.98046842	0	36036.398	-18723.428	-4699.8872
0.70301469	-0.65757021	0.24130869	-0.17592187	0.15520318	0.97127926	-0.67661052	-0.72573521	0	-2079.7795	4183.1094	-8086.6299
0.87485978	-0.47701271	0.075231775	-0.065667792	0.035620996	0.99719937	-0.47835934	-0.87735422	0	8232.2383	-2014.0653	-6642.144
0.80433085	-0.58113364	0.08391136	-0.067299885	0.048500231	0.99652452	-0.58318639	-0.80718195	0	6965.6587	-1252.8938	-6756.7495
0.67618915	0.60165375	0.3035258	-0.20214495	-0.1783685	0.95975524	0.63195276	-0.71070295	0	-17512.324	13457.548	-13934.839
0.83454501	0.43862802	0.32033697	-0.25643286	-0.14916809	0.95406183	0.46682022	-0.87934206	0	-16965.023	13128.639	-13887.201
0.25107077	0.94821804	0.11398533	-0.011118865	-0.080044373	0.99659088	0.95466776	-0.25162853	0	-22309.688	16340.603	-13479.171
0.24547925	0.95890556	0.1143277	-0.010718529	-0.081402905	0.99657219	0.96548995	-0.24603571	0	-22284.498	16325.464	-13477.489
0.70931009	-0.61594579	0.34276186	-0.25879715	0.22472886	0.93942372	-0.6556652	-0.75505155	0	-62422.84	40447.254	-24800.463
0.78048215	-0.59121931	0.20324052	-0.16200792	0.12270124	0.97913115	-0.6038191	-0.79712097	0	-28509.34	20066.385	-14363.121
0.70386797	-0.61377811	0.35754635	-0.26947484	0.2349808	0.93389552	-0.65722538	-0.75369374	0	-64673.219	41799.656	-25766.955
0.70757799	-0.61526323	0.34742714	-0.26216118	0.22797009	0.93766927	-0.65616714	-0.75461432	0	-63132.305	40873.617	-25106.82
0.97023916	0.22534608	0.082118535	-0.078205527	-0.019125813	0.99673793	0.22618637	-0.97351972	0	28450.697	-14164.677	-5623.8789
-0.092580472	0.95326935	0.21605724	0.009706515	-0.18612779	0.98193131	0.97675433	0.093099168	0	-20035.992	14974.188	-13770.19
0.75172224	-0.61248062	0.24449293	-0.18952778	0.15443581	0.96965265	-0.63165345	-0.77524953	0	-44254.535	29528.717	-18450.543
0.68254503	0.71823405	0.034800173	-0.022746879	-0.023490928	0.99945338	0.71866474	-0.68296602	0	21564.76	-10026.461	-5470.5049
0.4304131	0.89452504	0.035565874	-0.014519201	-0.029564717	0.99944392	0.89508819	-0.43069601	0	22011.35	-10294.847	-5469.6548
0.99594005	-0.052862713	0.072358915	-0.072144655	0.0038753373	0.99738528	-0.053005115	-0.99855868	0	18243.695	-8030.6138	-5628.209
0.90004752	-0.24954945	0.35572979	-0.34237311	0.093560016	0.9346679	-0.26660935	-0.96333137	0	-6523.2334	6853.4756	-9740.4297
0.89663001	-0.26839097	0.35202633	-0.33674652	0.099795703	0.93624975	-0.28643216	-0.9580887	0	-6172.2451	6642.5435	-9578.29
0.47193816	-0.85425573	0.11449798	-0.054572571	0.094456528	0.99379377	-0.85980308	-0.47531082	0	4118.1372	458.37057	-7050.7534
0.54205444	-0.82986875	0.10523289	-0.057330336	0.084232003	0.99467524	-0.83446556	-0.54532126	0	4692.6431	113.11187	-7002.0884
0.93675996	-0.20952572	0.28000519	-0.27318062	0.061083259	0.96001363	-0.21825132	-0.97579458	0	38664.387	-20302.76	-3954.3125
0.93503271	-0.21503355	0.28184002	-0.27465057	0.063135037	0.959466	-0.2241121	-0.97454233	0	38975.906	-20489.975	-3852.6794
0.76318209	-0.60495779	0.22709868	-0.17795106	0.1410768	0.9738724	-0.62119203	-0.78365693	0	-39598.621	26730.668	-17148.482
0.9371063	-0.21195203	0.27699809	-0.27005516	0.060974717	0.96089911	-0.22055745	-0.97528038	0	38420.32	-20156.086	-4033.4341
0.98646476	-0.055871287	0.11534432	-0.1134066	0.0048870549	0.99343842	-0.056071758	-0.99313019	0	31408.844	-15942.424	-5326.6074
0.91686484	0.38541063	0.04155879	-0.037485756	-0.015457384	0.99916816	0.38573527	-0.91766423	0	20895.279	-9624.126	-5483.4229
0.79473852	0.5952334	0.037035262	-0.029013048	-0.020307872	0.99935116	0.59561558	-0.79531802	0	21282.617	-9856.9033	-5474.729
0.93542459	-0.21289059	0.28221678	-0.2751698	0.062624034	0.95935258	-0.22191102	-0.97506099	0	39114.289	-20573.137	-3807.3044
0.97833317	-0.18701917	0.088636326	-0.087013136	0.016683551	0.99606684	-0.18776257	-0.98219872	0	15549.917	-6411.7437	-5863.355
0.97687257	-0.19375451	0.090126831	-0.088352857	0.017583472	0.99593221	-0.19455173	-0.98086494	0	15336.518	-6283.4976	-5884.4502
0.94694182	-0.19306452	0.25665883	-0.25099921	0.050958929	0.9666258	-0.19970607	-0.97978639	0	37416.637	-19552.904	-4345.1211
0.93906367	-0.20493422	0.27479831	-0.26825139	0.058442532	0.96154701	-0.21311445	-0.97666996	0	38215.141	-20032.777	-4098.9565
0.9744463	-0.14771844	0.16531195	-0.16111251	0.023267896	0.98661037	-0.14959763	-0.98809999	0	35443.145	-18366.902	-4819.645
0.96184772	-0.17623492	0.18825331	-0.18264243	0.031327432	0.98248135	-0.17907067	-0.9794627	0	35881.59	-18630.393	-4733.7109
-0.038577823	0.99593237	0.040635941	0.0026356851	-0.038500218	0.99924983	0.99675477	0.038655559	0	22797.02	-10767.008	-5480.4185
0.068137745	0.98779935	0.038362876	-0.0010801563	-0.035775596	0.99934367	0.9885355	-0.068134571	0	22624.328	-10663.226	-5476.7095
0.96415795	-0.24428117	0.1027317	-0.09954359	0.025254932	0.99471138	-0.24558391	-0.96928586	0	13814.619	-5368.8882	-6047.6274
0.63750211	-0.749313	0.098821176	-0.063307575	0.072692509	0.99522851	-0.75294613	-0.64072989	0	5220.1245	-203.88649	-6939.625
0.75943036	-0.60772797	0.23213167	-0.18121243	0.14505726	0.97267274	-0.6248097	-0.78076351	0	-41086.367	27624.752	-17557.582
